3
6
5
5
-0.26535293
-0.7057052
-1.0125909
-1.3340354
-1.495565
-0.17923793
-0.44294497
-0.727623
-0.8330653
-1.1030264
0.22618154
0.09645194
0.007988933
-0.06676202
0.04132599
0.32757846
0.40264332
0.43659902
0.19945726
0.17344357
0.47801965
0.38276014
0.09048866
-0.06334416
0.18430263
-0.0821216
-0.014996407
0.20701231
0.488899
0.58319753
0.11771286
0.1965253
0.6358752
0.64802784
0.60001755
0.2554345
0.4315062
0.6018779
0.648897
0.49093586
0.4392625
0.47829357
0.5859732
0.40362874
0.5647167
0.37936094
0.38751897
0.33950707
0.26118782
0.24458277
-0.296597
-0.05955656
-0.08669927
0.2948263
0.21256281
-0.21364267
-0.11149765
0.051804803
0.30273178
0.37230775
-0.20215505
0.0075573116
0.0852658
0.4057793
0.43914732
-0.19324225
-0.24100459
0.05862832
0.15438421
0.16637161
-0.30359998
-0.25569716
-0.27166495
-0.105328314
-0.22731523
-0.49984613
-0.48510763
-0.61559784
-0.455915
-0.5008321
-0.2473407
-0.5829683
-0.31992865
-0.4633471
-0.4102413
-0.37923393
-0.53175026
-0.37793508
-0.22095646
-0.311128
-0.3536778
-0.35127252
-0.3305521
-0.3529858
-0.4037293
-0.04839398
-0.22108248
-0.33264476
-0.48446456
-0.3995877
-0.13429332
0.010297872
0.011609504
0.31906354
0.37465036
-0.29219627
0.14352046
0.20362744
0.50884646
0.5390908
-0.33872694
0.20858169
0.43735874
0.8135085
0.883336
-0.5109052
0.12871116
0.5575856
0.7935451
0.9575268
-0.23053701
0.27344263
0.7943212
1.1113379
1.2588514
-0.33160424
-0.44694212
-0.6180945
-0.50343496
-0.49336222
-0.35408464
-0.28353223
-0.30269137
-0.4561699
-0.29882556
-0.34760386
-0.37878114
-0.26912686
-0.35775197
-0.30568978
-0.20146766
-0.19798744
-0.114498556
-0.19717412
-0.3251374
-0.26690894
-0.22016314
-0.11541117
-0.4957958
-0.26541355
-0.15326017
-0.70882344
-0.96359867
-1.3611866
-1.605483
-0.17858846
-0.54938656
-0.7686302
-0.93810904
-0.9051225
0.4606456
0.20901297
0.08945545
0.038989723
-0.115543194
0.6883734
0.61636794
0.32829562
0.20456453
0.20381331
0.7490181
0.39298984
0.15692492
0.24636583
0.059405174
0.20725746
0.07551979
0.17064182
0.2592053
0.037809186
0.5007032
0.5921481
0.46789166
0.44644225
-0.16052496
0.76230866
1.1162679
0.8799321
0.6447877
-0.12332682
0.96165085
1.0181384
0.7748322
0.40093315
-0.17099509
0.99313635
0.86373013
0.5271114
0.19454676
-0.3509476
-0.1295465
0.040321454
0.3640776
0.64294934
0.6150852
-0.13365914
0.37921637
0.58487916
0.8379385
0.80104876
0.08945268
0.5208987
0.6399664
0.9313748
0.727166
0.32375735
0.34653613
0.47853357
0.70951927
0.43087223
-0.06955103
0.25875103
0.33873367
0.30608082
-0.13635787
0.13803233
0.28747115
0.09032165
0.23143204
0.15198255
0.33351222
0.29324102
0.2810298
0.2014299
0.15906747
0.16468719
0.14636204
0.21616192
-0.07501595
0.051478628
0.19850366
0.22271842
0.18884134
0.15053163
0.24925515
0.4595929
0.38655618
0.33695856
-0.0036128734
0.27201694
-1.6174891
-1.9922305
-2.3272042
-1.9256268
-1.0908865
-1.7973217
-1.6579907
-1.2995247
-1.1465281
-0.48869833
-1.5161873
-1.1474293
-0.77356946
-0.31425732
-0.0842949
-1.421809
-0.97220546
-0.22721007
0.32407415
0.78474
-1.1922634
-0.2569034
0.26291567
0.8414706
1.0613292
0.26537752
0.28515804
0.49493128
0.2746711
0.4618041
0.18835413
0.48679847
0.40990183
0.40310138
0.5737828
0.314077
0.45565963
0.67614084
0.58846754
0.5533275
0.26463762
0.58933157
0.4422484
0.72205955
0.6562793
0.38016358
0.5109702
0.6050644
0.51327455
0.62387556
-0.20957199
-0.26713985
-0.28107443
-0.21876617
-0.35003185
-0.021499274
-0.0388137
0.08301973
-0.16515742
-0.019640207
0.48126337
0.35784498
0.6316221
0.60507864
0.56277966
0.72748935
0.68196446
0.7725131
0.9470406
0.8038939
0.66260797
0.6362943
0.5626031
0.63324505
0.72245634
-0.21365394
-0.050509058
0.18727057
0.3795752
0.08598284
0.18318965
0.41517955
0.5451678
0.4539975
0.14336124
0.47360942
0.6023904
0.8907177
0.6135433
-0.083363906
0.520175
0.7762996
0.78594536
0.1535025
-0.12464853
0.55197346
0.6019034
0.43728784
0.22015835
-0.10016391
-0.37234303
-0.21788402
-0.069026746
0.38284898
0.46291703
-0.18933883
-0.0055836956
0.17120112
0.67414814
0.36604956
-0.21642251
-0.0020923675
0.29437903
0.655453
0.15999483
-0.20707773
0.093115255
0.039280005
0.38063106
-0.08487721
-0.2464354
-0.15109244
0.008156065
-0.098950535
-0.25589183
0.34116971
0.49442118
0.3288226
0.4230213
0.5274078
0.38836172
0.60774535
0.48195976
0.45634
0.51337606
0.37289608
0.59142894
0.5145212
0.5743503
0.3382855
0.2915532
0.5126788
0.6693436
0.47435033
0.36676422
0.5540745
0.47298318
0.43606922
0.55755913
0.42405662
0.19024207
-0.24330424
-0.8413141
-1.3050599
-0.9353443
-0.04821775
-0.020758992
-0.23648737
-0.8334299
-0.3288347
-0.101417385
0.4130533
0.09203318
-0.33096743
0.120293826
0.40757722
0.60691446
0.5142748
0.4240398
0.6308685
0.47334412
0.95910263
1.2020584
1.0166252
1.2008622
-0.07017936
-0.28324926
-0.12652548
-0.06534151
0.02374597
-0.04692783
-0.0799945
-0.158656
0.11941808
0.15835033
-0.20685264
0.012674191
0.13336684
0.12745433
0.13254702
-0.15907513
-0.059560474
0.19050983
0.34929165
0.23619038
-0.38507864
0.04556722
-0.15311493
0.22623715
0.15412743
