10
14
3
3
-0.097023204
-0.1495231
0.1364873
0.25937936
-0.13060097
0.00831474
-0.13315511
0.19178571
0.08588348
-0.0014706226
-0.17489296
0.091514744
-0.0076565924
-0.08337503
-0.12227583
-0.13612531
0.0014344024
-0.22348347
0.043316107
-0.016802946
-0.043206003
-0.016900407
-0.0728793
-0.20264268
0.12178755
-0.0016094144
-0.3531906
-0.2450514
0.01057229
-0.06414014
0.016339466
-0.068876535
0.14855385
-0.19133876
-0.3906823
-0.07893236
-0.082690835
-0.47346908
0.0143203465
0.030784026
-0.061881587
0.17440927
0.029723953
0.119560465
0.0862793
0.058154576
0.007928954
0.07937437
0.0038332527
0.1654886
-0.11568109
0.024893058
0.2162106
-0.007807102
-0.0024298665
-0.060153816
0.37924248
-0.017607754
-0.59470385
-0.30190596
0.096488506
-0.09993832
-0.18534295
-0.22045188
-0.13964884
-0.15928143
-0.11534416
0.097607546
-0.13055298
0.11083039
-0.001397327
-0.017079586
-0.23613934
-0.0062474567
0.103244886
-0.01774652
-0.017083831
-0.03628152
0.07083096
0.021812882
-0.22821279
0.050535448
-0.007845225
0.015736906
0.012989196
0.2572788
0.14351185
-0.3302984
-0.23884663
-0.12834294
-0.20320202
0.18692417
-0.15589367
0.0057594436
0.03971879
0.09530203
0.097847775
0.05010765
-0.00020084143
0.11856239
-0.18166289
0.005088174
-0.11842006
-0.02396277
0.0462247
-0.06532988
0.2038884
-0.09198231
0.106768444
0.10770816
-0.113549896
-0.18768413
-0.10643294
0.13285929
-0.29124907
-0.00012889615
-0.03681322
0.06045871
0.19264019
-0.108608775
0.016352529
0.16148663
-0.16176058
0.020807577
0.13458297
-0.0145744765
0.06389475
-0.11940692
0.15078051
0.15319191
0.26979017
0.02129686
-0.23244439
0.029692648
0.19926417
-0.018395538
0.050344612
0.09692804
0.048061874
0.047622494
-0.05227484
0.09311953
0.013401298
-0.0067252982
-0.07066434
0.098561086
-0.12493364
0.06754662
0.16446532
-0.14863582
0.18516186
0.18825029
-0.08462654
0.120163955
0.27854046
0.23811089
0.18148676
-0.01450529
0.09014534
0.10135436
-0.052717242
0.023656752
0.21361451
-0.10163172
-0.14008524
0.11763825
0.17327371
0.05366971
-0.047230925
0.14518005
-0.07789014
-0.06663291
0.10147353
-0.2821237
0.0042498135
0.05211282
-0.34689242
-0.070674516
0.068794325
-0.09975126
0.16456611
0.23120092
0.20937426
0.016466197
-0.08878468
-0.16628656
-0.02137105
0.22408164
0.119917884
-0.14966427
0.12414786
0.062332865
-0.110055424
0.14861546
-0.11719514
0.04447678
0.2818987
0.29071116
-0.22132382
-0.05501792
-0.022707535
-0.07071263
0.008992878
-0.08570476
0.038934793
-0.17097172
-0.22985378
0.06459093
0.05076795
0.33815306
0.018629935
0.1715852
0.19788656
-0.20556661
-0.0428628
0.006471021
-0.24527635
-0.092688665
0.07140533
-0.07966861
0.11049841
0.12022714
-0.04468629
0.06418083
0.3694679
0.15742813
-0.1576005
-0.10547636
-0.066666394
0.1975813
-0.026302528
0.028226564
0.18635933
0.0073691267
0.21619746
0.12537883
0.04324477
-0.1474639
0.111142926
0.010780364
-0.093536824
0.22337809
-0.028957864
-0.11197862
0.025180642
0.062070895
-0.08893919
-0.020816464
0.020798732
-0.043530542
0.09318486
0.10533212
0.07358281
0.0130145205
-0.02790083
-0.06948842
0.12266433
0.023286887
-0.2805415
-0.22069883
0.12025936
-0.19713865
0.11470305
0.2679845
-0.10595275
0.0976354
0.08799877
0.020286757
0.019154612
0.06859335
-0.118125424
-0.010479923
0.024940807
-0.18058713
-0.03787624
-0.017912693
-0.013879783
-0.020215308
-0.109140344
-0.62145936
0.0037408022
-0.022165578
-0.20858762
0.20396043
0.14458297
-0.23469478
-0.012624207
0.21723324
-0.50344276
0.011987437
-0.007436009
-0.49365842
0.03688841
0.25816214
-0.2705862
0.07603054
0.17336774
0.19662222
0.018145865
0.23311344
0.07521607
0.039340205
0.055560216
-0.09947219
0.0055481195
0.093161285
-0.26063725
0.10936279
0.20235305
0.052734163
0.12858199
-0.0889009
-0.04813291
0.07126923
-0.05505227
0.12435499
-0.38558182
-0.44597545
0.26862648
-0.26168233
-0.15969412
0.12671378
-0.20048484
-0.1470506
0.28055826
-0.08793292
-0.0935391
0.010031637
0.007559708
0.1703836
0.14718507
0.0850763
-0.07993024
-0.04306974
-0.124915615
-0.34718645
0.10214205
0.01856865
-0.43155482
0.16323122
0.050004024
-0.29790002
-0.09918129
-0.06449967
0.030678198
-0.14095245
0.035393447
-0.042701725
0.03349335
-0.013788477
0.108506106
-0.092909805
-0.021295467
0.106211774
-0.15742652
-0.11410613
0.2257067
-0.20597091
-0.095465824
0.11063734
0.22211608
-0.04912567
0.05320651
0.032913495
-0.005208409
-0.06521287
0.21908686
-0.06871501
-0.14377111
0.4175114
-0.046221018
-0.4132721
0.33421335
-0.015126865
-0.5447795
0.105133444
0.09335549
-0.28271356
0.2007974
-0.015485636
0.081704065
0.0738451
0.16416276
0.16485074
0.12564567
-0.01397196
0.18831976
0.18818404
0.3104741
0.2375163
0.111849114
0.18809573
0.3861758
0.36586717
0.07348019
0.34842965
0.10392641
0.12571271
-0.024207441
0.2653074
0.05825653
0.06944823
0.017388567
-0.0049548387
0.15708405
0.053299412
0.24413715
0.36268032
0.21380834
0.10944847
0.09779111
0.22663157
0.3658022
0.15970816
-0.16104223
-0.01862738
0.23962493
-0.26831388
0.1403397
0.15003756
0.14702244
0.15799315
0.31089818
0.0065844944
-0.024479473
-0.012340771
0.14544356
0.25013837
-0.012315251
-0.21271601
-0.14218262
-0.023166813
0.11641666
0.2251171
0.16634567
0.2639092
0.23526569
-0.017637746
0.2272236
0.19077303
0.3376953
0.11723406
0.13524687
-0.056053028
0.27679354
0.24619573
-0.1352821
0.16952834
0.31854582
0.3420059
0.029459108
0.11197359
0.032752402
0.026911935
-0.096447
-0.032459125
0.08720061
-0.18610775
0.16188347
0.10839227
0.22436015
-0.060589768
0.15368016
0.13000706
-0.19763593
0.34313828
0.07634582
-0.4084249
-0.18974838
0.019724213
-0.0066015134
0.2486773
0.12055299
0.17836872
0.1593752
0.2173654
0.05810101
0.15562257
-0.02104096
0.51332986
-0.26426384
0.24251637
0.2338325
-0.051129684
0.11938796
0.15528718
0.35988373
0.21853915
0.17959438
0.19336781
0.21021393
0.005328473
0.12821132
0.15391523
0.18135372
0.093645975
0.075745605
-0.43893766
0.22864887
0.17496145
-0.4542814
0.20652719
0.3185568
-0.23537864
-0.035577748
-0.31326237
0.10350337
0.37941694
-0.23556201
-0.20907278
0.5665124
0.33860514
-0.021696474
-0.33211228
-0.94648564
-0.6344483
-0.5494643
-1.6669084
-1.211805
-0.35571423
-0.90837806
-0.34847397
0.09074367
0.1916834
0.17467941
0.40807286
0.53618777
0.25267625
0.27593789
0.55307096
0.09252944
0.16834119
-0.34546235
-0.57458323
-0.05635484
-0.49211907
0.008176642
0.14774376
-0.095474616
0.09113742
-0.6761853
-0.00893107
0.25583673
-0.906691
0.19078614
0.07157844
-0.25443074
-0.023413079
0.0866289
0.091855034
0.40554258
0.50118065
-0.23038216
0.18728046
0.09653222
0.12063527
0.58114725
0.15148729
0.15814021
-0.046093553
0.12273455
-0.13431652
-0.8929948
-0.021477876
0.17744507
-0.6301387
-0.06453038
0.25060004
0.25413215
0.5138127
0.1530638
0.2831867
-0.030930383
0.04074428
0.11082299
0.10412351
0.14600955
0.22052106
0.32204327
0.20824736
0.2515695
-0.28940693
0.15411772
0.07741556
-0.25081095
-0.30389884
-0.5566423
-0.33409622
-0.35402408
-0.15257072
-0.12051842
0.12875776
0.111978896
0.12768063
0.15427202
0.069957055
0.058839448
-0.25107878
-0.40834135
-0.33538273
-0.6016089
-0.9769711
-0.6017867
-0.22856042
-0.574089
0.46158975
-0.21944372
0.15970501
0.013191441
0.22877158
-0.0520841
-0.20908403
-0.44057015
-0.34143764
-0.13559668
-0.27342337
0.18926686
0.15835766
0.13421713
0.40399835
0.33231297
-0.12976089
-0.040026695
0.0992887
-0.33160713
-0.06582177
0.029900568
-0.420597
-0.11967832
-0.17502837
-0.47469392
-0.21352632
-0.10738651
-0.5869425
-0.5831875
0.0684915
-0.097849995
-0.57073355
0.04322959
0.07609557
1.3074361
0.49850935
-0.19489962
0.5184676
0.4406722
-0.24901588
-0.13971746
0.11549759
-0.6515532
-0.27841634
0.2137273
-0.49828276
-0.27054167
0.20579118
-0.56596476
-0.31457427
0.2326429
-0.3956233
-0.08184416
0.07998966
-0.28751498
-0.4510371
-0.11089314
-0.41867346
-0.06659609
0.2794311
0.026859991
-0.2530836
-0.44506902
-0.20409718
-0.41369203
-0.49481103
-0.36027476
-0.41232577
-0.10174036
-0.14023918
-0.5056126
-0.15845619
-0.27442917
-0.50304663
0.28754026
-0.7266008
-0.4516886
-0.077472456
0.13263817
0.37682983
-0.05497095
-0.39720848
-0.12527356
0.037994925
-0.30093855
-0.04671506
0.16033931
0.1715352
-0.322519
-0.22754563
0.1931055
-0.28692168
-0.05468054
-0.052580543
-0.21739309
-0.02824265
0.17534742
0.1713034
0.20305856
0.025283234
0.31362566
0.035489805
0.12906866
-0.11917657
-0.23646823
-0.2589989
-0.2557984
0.050854925
-0.27326536
-0.38949257
0.10642827
-0.008023658
-0.005255634
0.1575498
0.7353432
0.29807386
0.13263391
-0.11602542
0.17941718
0.4768557
-0.15606679
0.023842553
0.12483115
-0.050642464
-0.4760518
-0.52966017
-0.38808706
-0.20704247
-0.20897494
-0.002013546
0.06317177
-0.050235614
0.014685832
-0.19110295
-0.43092135
-0.11504639
-0.6483069
-0.35878614
0.5577397
0.24937451
0.061980065
-0.075705126
0.2998023
0.6084455
-0.18507496
0.20193517
0.29937452
-0.401817
-0.15249243
0.1013203
-0.007455662
-0.16855633
-0.06659958
-0.24162918
-0.15293805
-0.005760649
0.14398998
-0.12123878
-0.015082602
-0.022244098
-0.15595998
0.17598511
-0.22718436
-0.16395032
0.108564146
-0.034488715
-0.022462776
0.021805137
-0.02918744
0.08878193
-0.17182037
0.010287584
-0.06689311
-0.3108005
0.3763063
-0.113082536
0.29371303
0.12694018
-0.12948343
0.053720295
-0.019644465
-0.16264619
-0.0036689092
-0.44992033
0.078002684
0.12748583
-0.50301933
-0.06390764
0.23212582
-0.34424776
0.1571261
0.2528508
-0.080231674
0.2895845
0.101598985
0.08328059
0.16852827
0.26169288
0.01204411
-0.06972381
0.010850667
-0.17618622
-0.39484006
-0.124593645
0.092992365
0.08568046
0.10646561
0.101312436
-0.18355757
-0.061809313
0.07751927
0.19933449
0.09190736
0.15273738
-0.079994544
-0.18484691
0.2625817
0.07991481
-0.17181407
0.26781622
-0.069479294
-0.1259438
-0.060057096
-0.15157945
0.14331365
0.07731599
0.049380783
-0.19155635
0.09271344
-0.07077307
-0.108428806
-0.16335957
0.1868142
-0.33346394
-0.049190324
0.12592344
-0.39422596
0.265286
0.51010406
-0.35285303
-0.22850989
0.20767342
0.057193603
0.0028245556
0.008024173
0.161635
0.025592422
0.056146037
0.13375616
0.09163975
-0.3356557
0.55158305
-0.2269002
0.20159444
0.19770049
0.07379083
0.23981272
-0.46957272
0.075481504
-0.0979471
-0.08335995
-0.16566664
-0.24544361
-0.025923772
0.26673466
-0.06736217
0.13722311
0.14459293
0.1448078
-0.56284225
0.18961616
0.13737227
-0.48243776
0.09295384
0.29386657
-0.35539335
-0.11759298
0.030402664
0.47463462
-0.21586056
-0.32850823
0.36732912
0.5964336
-0.4826444
-0.5341514
-0.25945413
-0.048120502
0.09412871
-0.5650685
-0.0055811596
0.8371938
-0.70117414
-0.24384181
0.5472357
0.19285943
-0.30775854
0.4691951
0.51301587
-0.63073385
0.67530036
-0.095432185
-0.8884955
0.6394983
-0.056168135
-0.8360367
-0.33332497
-0.2303855
-0.49322176
0.49038434
-0.12984627
0.5044888
0.87796724
0.103842005
0.47279882
0.4387
-0.08928065
0.43159777
0.19011424
-0.39106977
-0.34368217
-0.47471845
0.6333627
0.16448472
-0.27291605
-0.11428683
-0.35392487
-0.22599636
0.20352283
-0.050140433
-0.40255213
-0.18238035
-0.5449153
-0.83065504
-0.11418991
0.14206098
0.5473787
-0.24891584
0.14530727
1.0513381
0.34465685
0.28033432
-0.24910794
0.6395176
-0.19020404
-0.073397286
-0.2151511
-0.5796491
0.14986064
0.032844372
0.6069235
-0.64182246
0.43877843
0.37256506
-0.36681187
-0.36320436
-0.09169252
0.42121992
-0.26942265
-0.37693432
-0.104186945
-0.004261937
0.01515068
-0.14142008
0.34876025
0.37160587
0.14324355
0.6687166
0.43827012
0.08621965
0.17209539
0.16623856
0.24078734
-1.0485768
-0.7747418
-0.21679233
-0.4400064
0.32014027
0.24892847
-0.015251684
0.37125173
-0.5881099
0.41010332
-0.53190416
-0.26231128
-0.9353654
-1.0194669
-0.55011684
0.16089025
0.16872367
-0.26958743
0.7701208
1.0933168
0.6017869
0.16602598
0.12896058
0.08543481
0.08484388
0.07465886
-0.0704214
0.020531734
0.15687339
-0.1405068
0.21905655
0.2938467
-0.21353433
-0.8249207
0.36483106
0.13703045
-0.3623389
-0.811849
0.089423046
-0.22693473
-0.104451
-0.006680019
-0.16278313
0.26958233
0.34629482
0.12659544
0.13328148
0.1873693
0.031881936
0.0023882815
-0.22703272
-0.13885948
-0.715448
-0.43389928
-0.054624666
-1.0384396
0.13844715
0.122782595
-0.02918981
0.066174746
-0.43449518
-0.40259987
-0.6308672
-0.28724584
0.58147645
-0.0416399
0.07898638
-0.28538835
-0.07448697
0.055248465
0.24845955
-0.10330376
0.035823092
0.12274193
-0.120187186
-0.010405983
-0.2826596
-0.28527528
0.13096622
-0.12970518
0.16354865
-0.10512549
-1.3268256
0.22253768
-0.4781191
-0.4704977
-0.6975272
-0.41945457
0.13999394
-0.4419666
-0.16468358
0.33503088
0.099407144
-0.09718584
-0.162684
-0.40048763
-0.19261804
-0.5460178
-0.68585575
-0.03353994
-0.6655922
-0.14895311
-0.06634952
0.1462898
0.016399028
0.18455878
0.1207178
-0.2121059
-0.0035570853
0.20604813
0.25876203
0.07394562
0.36627537
0.3052054
0.113498375
0.046525802
0.110766225
0.029417206
0.039170388
-0.1488412
-0.13624294
-0.14816707
-0.10630808
0.17466389
0.22423646
-0.15022972
-0.17391245
0.31243914
0.009799279
0.26799095
0.19224785
0.040119834
0.09472737
0.063275844
-0.7423925
0.25840572
-0.24519563
-0.764729
-0.0020736814
-0.0049537322
-0.1261377
-0.3309771
-1.5382233
-0.71171284
0.34278142
-0.06810888
-0.17564349
-0.013037599
-0.08766073
-0.027190175
-0.0366165
0.057747938
0.2668348
0.020860253
-0.114079274
0.24341695
0.007018511
-0.0709406
0.14875975
-0.0010499399
-0.06428816
-0.07999458
-0.42053834
0.00206846
-0.1285349
0.05887897
0.1311333
0.26498005
-0.053033322
-0.041062247
-0.06935383
-0.15248519
-0.016439239
-0.039283387
-0.09905475
0.0033013488
-0.27521315
0.038575783
0.080299124
-0.16585143
0.28909922
0.28963766
-0.104563855
-0.08161769
0.042912297
0.19735445
0.114631206
0.04823204
-0.11105391
-0.05945565
-0.13440552
-0.28720626
-0.051712267
0.22376713
-0.39579585
0.18491085
-0.045474213
-0.071762055
0.09087675
-0.037321
0.038493123
-0.049034875
-0.22706151
-0.13859522
0.118751794
0.16854906
-0.096294135
0.16529652
0.1659462
-0.029377287
-0.013058757
-0.10158143
0.09555832
0.0067405975
-0.23201759
-0.28959453
-0.050982863
0.005623227
0.060364764
-0.16540937
-0.1941712
0.042916603
-0.081165925
0.12726568
0.070731744
-0.0673
0.05838299
0.13500908
-0.22423165
-0.27948853
0.03852578
-0.17661257
-0.004184696
0.067526154
0.022826748
-0.063852936
-0.18462916
-0.13779578
0.081017084
0.0032973005
0.03416071
0.1409028
0.30908415
-0.11991292
-0.18314403
-0.049140505
0.02361837
-0.15174568
0.08943249
-0.2924508
-0.13510536
0.042506468
-0.008810119
0.104831584
0.045045536
-0.076588586
0.16809049
-0.28590646
-0.021656595
-0.22165819
0.0045240573
-0.14376862
0.06598172
0.05731412
0.015601339
0.036357187
-0.16379233
0.057838086
-0.06446945
0.031901207
-0.15297873
-0.27575397
0.0555658
0.10037337
-0.08075868
0.055190016
-0.15341058
-0.04459123
0.1278704
0.041193057
-0.103251986
0.1055609
