6
10
3
3
-2.4350154
-2.0553875
-0.9300004
-0.9389993
-0.5347713
0.101053335
-0.62299836
-0.95387214
-0.20937322
0.8389778
-0.63843554
-1.1778464
0.7965701
-0.5507341
-1.2346437
1.073275
-0.4161564
-1.0739058
-0.11678441
0.013144426
-0.09204105
0.15535133
0.0084893955
-0.124810494
-0.06457555
-0.011468185
0.12051224
1.1123757
1.1569113
1.5168424
0.6339162
0.020008838
0.49306145
-0.9865773
-1.1651372
-0.7968185
-2.3673456
-3.1455696
-2.4578476
-0.21002115
-0.4574322
-0.84073323
2.5375316
2.0981028
0.58145535
-0.14101197
0.14368612
-0.0849741
-0.022868535
-0.08068584
0.017414758
-0.1937132
0.08533631
-0.024702668
2.2524953
0.77534026
-1.7318224
1.827758
-0.22645944
-2.5318553
1.6669658
-0.16143216
-2.4277058
0.8503037
0.5965148
0.3067247
0.57286054
0.5937263
0.3072439
0.7708215
0.5058195
0.13677816
0.12861961
-0.94388187
-0.4917015
0.5277287
-0.16372024
-0.93257177
1.4704344
0.38224262
-2.4119053
1.479186
1.53721
1.5517359
0.8397573
0.6261236
0.84061265
0.86540735
0.82829463
0.65907604
0.06782893
-0.0885488
-0.3450669
0.22136964
-0.1693253
-0.36580357
-0.04239197
-0.5800407
-0.6811763
-0.259456
-0.10097676
-0.3103537
-0.22509256
-0.033147257
-0.19926986
-0.62513554
-0.38662443
-0.59744066
-0.21523236
-0.17423601
-0.14444102
-0.38156915
-0.035668388
-0.06891443
-0.4361205
-0.39659822
-0.36131546
-0.045614224
-0.124912426
-0.49769604
0.10276122
0.026161034
0.026381383
0.17142422
0.31065708
-0.05096525
-0.65676767
-0.79937434
-0.45730627
-1.384272
-1.9666785
-1.2466664
-0.40150052
-1.0810367
-0.6872961
-0.014216353
-0.114833705
0.1327672
0.022358414
0.017343767
-0.07857517
0.14654714
-0.02351936
0.11233123
-0.79948074
-0.22651641
0.1409982
-0.90730685
-0.2537587
-0.17706718
-0.82262635
-0.5106571
-0.5996434
-2.3786151
-2.006943
-0.9133175
-2.5536675
-2.39994
-1.1377383
-2.6875293
-2.389383
-1.1823981
-0.3940448
-1.2493922
-1.75234
-0.7842258
-1.6439188
-1.9876717
-0.50352085
-1.4435678
-1.8718735
0.658609
1.2727141
1.5629823
0.35621083
0.4869812
0.8077554
0.56138605
0.24953376
0.4707579
-0.2902039
-0.40167588
-0.38036597
-0.057747897
-0.09227382
-0.26714253
-0.15838583
0.012974841
0.10349464
-0.76817346
-0.42926496
-0.18636425
-0.6860628
-0.24072352
-0.06913482
-0.8488238
-0.38146582
-0.21460456
-0.05019261
-0.045317426
-0.15021408
0.032665398
0.058159925
-0.026417898
-0.16092078
0.027460504
-0.00346501
-0.21072894
-0.75534034
-0.73332185
-0.24640055
-0.3711572
-0.44985753
-0.18249245
0.10824332
-0.0054504517
0.15323056
-0.14456385
-0.69827443
-0.42718047
-0.6026579
-0.7488454
-0.96597666
-1.1245742
-1.2818646
-0.06578512
-0.04607188
-0.12243776
0.0039045692
-0.08651994
-0.13703194
-0.18972136
-0.22334416
0.0005079489
-0.95972246
-1.5433825
-0.25414348
-0.8946572
-1.0155455
0.12093942
-1.0016435
-0.41845196
0.26937774
0.21458215
-0.17206153
-0.56785846
0.25191382
0.15752284
-0.34086597
0.41597643
0.010166393
-0.056321077
-0.16526577
0.09325033
0.10873962
-0.29574794
-0.054139405
0.39336854
-0.4088648
-0.31796032
0.11405562
-2.1861274
-1.7509508
-2.0100322
-1.937528
-1.3530555
-1.5992488
-1.0445725
-0.86561406
-1.0038906
0.3290449
0.22300656
-0.10244117
0.49016762
0.41009697
-0.017624808
0.41403908
0.24725024
-0.036163546
-0.42473015
-0.006057242
-0.1300647
-0.5979304
0.33856452
-0.05177164
-0.5980562
0.014636114
-0.14402011
-0.18066338
-0.08845891
-0.003182152
0.10647637
-0.08591449
-0.1861229
-0.13802922
-0.22483087
-0.08469644
-1.0019019
-0.35010767
-0.45641327
-0.014674569
0.44868356
0.3224538
0.23289154
0.6283992
0.3030769
0.58519137
0.8948289
0.9129632
-1.9295549
-0.7187533
-0.4053886
-2.2875035
-0.9684665
-0.5235185
-0.15501434
-0.16617887
0.011755527
0.027781308
-0.19160116
0.012751121
0.00058768113
-0.05706691
-0.10369782
-2.023825
-0.85679877
0.5665187
-2.5478408
-0.37210807
0.70317894
-2.1570435
-0.04986044
0.61635005
0.5933001
-0.051828828
-0.7668174
0.5322527
0.060310956
-0.53756094
0.65725183
0.1943803
0.04019729
0.24336097
0.3012441
0.15275003
0.08383733
-0.11691298
0.2562888
-0.13264705
-0.26259762
-0.11049137
-1.7823845
-0.7833871
-1.0784726
-1.3874294
-1.4450878
-1.6390994
-0.38284284
-0.8926951
-0.91328806
0.29642454
-0.08814956
-0.2631373
0.6986726
0.14888631
-0.16296037
0.72105163
0.33603564
-0.2542268
0.26595423
0.3281842
0.117135964
0.19711708
0.5937897
-0.018182818
0.26468688
0.61814046
0.051872443
-0.28867272
-0.21449015
-0.2844124
-0.1966
-0.23031536
-0.08269586
-0.2010004
-0.2140708
-0.27644542
-0.89695585
-0.90520966
-0.77437675
-0.3118124
0.030445034
0.11161149
0.3713723
0.71673733
0.7028302
0.9981229
1.075019
0.91669977
0.6911751
0.7981867
0.9735071
-0.5992706
-0.37873363
0.3319268
-0.07643227
-0.13765228
-0.14874914
-0.27963555
-0.08134586
-0.06362219
-0.17096137
-0.22165154
0.0096262535
-0.74138963
0.14381509
0.6865833
-0.20175807
0.4460848
0.9205069
-0.1291352
0.5610033
0.80126536
-0.7123816
-1.4133635
-1.1265048
-0.6970605
-1.5601655
-1.2605342
-0.71033543
-1.2187432
-1.1510522
0.30637723
-0.48524302
-1.0812345
0.41018242
0.18593459
-0.58068484
0.24445547
0.17675157
0.031201031
-0.4632176
-0.39553195
-0.59824526
-0.14907697
-0.23387705
0.15030535
-0.3201906
-0.29393154
-0.15480635
-0.16997945
-0.3708003
-0.5379519
0.3185622
-0.0065240203
-0.45151386
0.42571437
0.12904064
-0.29115725
-0.1329868
0.120477796
-0.5940907
-0.1413507
0.20919675
-0.57837313
-0.025741804
0.25682852
-0.4898566
0.083424106
0.00430749
-0.0025627115
0.08277353
0.039504267
0.026349973
-0.057278953
-0.20008427
-0.12906688
-1.6094247
-1.3575742
-1.0961627
-0.8377131
-0.1960059
-0.09879064
0.08987853
0.49202985
0.48338622
1.0074018
0.4667516
0.26663116
0.6615355
0.77965176
0.8358583
-0.9046036
-0.6689979
0.09298885
-0.022002468
-0.097323336
-0.043357383
-0.24710262
-0.12963845
-0.18687575
-0.11680745
-0.092749834
0.05499023
-1.5084193
-0.30370215
0.6575514
-0.86866295
0.25073382
0.85607076
-0.73998344
0.49017873
0.63646543
-0.4003538
-0.93826586
0.014310265
-0.016971683
-0.5607308
-0.03719163
-0.007215925
-0.7400335
0.011548761
-0.05419263
-0.36985725
-0.1591481
0.10414415
0.32521003
0.50407004
-0.034517866
0.34381405
1.1633689
-1.2960222
-1.5327678
-2.561243
-0.4109468
-0.229071
-1.188598
-0.7841979
-0.6598528
-0.88289636
