50
-0.086477794
-0.026577039
0.013610052
-0.2605408
0.45201212
0.5709804
0.044350695
0.13396722
-0.026293246
0.26924747
-0.21458445
0.14750937
-0.08873342
-0.20189609
0.52709085
-0.010829972
-0.0035084493
-0.6130287
-0.18307106
0.38533327
0.13899507
-0.12223786
-0.016504778
-0.09864761
0.13789575
0.15142532
0.4471406
-0.06195891
0.21884574
0.32685548
0.33167642
0.35887036
-0.14067954
0.26176697
0.15163891
-0.13089383
-0.012272054
0.24469621
-0.33163318
0.3806685
0.18417636
0.12026627
0.4231344
0.089132905
-0.010483275
-0.015047825
0.4002301
0.09303498
-0.066221766
0.18362324
