60
15
0.030860461
-0.021121206
-0.05713182
0.046782427
0.048355963
0.12592237
-0.04583257
-0.08591266
-0.07544123
-0.028006522
0.06364135
0.0045217536
0.13071987
-0.01810631
-0.06414988
-0.056427136
0.007836643
0.11909944
0.03582282
0.030657439
0.062264953
-0.04179725
-0.077740915
-0.05088159
0.068326265
-0.032032896
-0.019219385
0.024611833
-0.05330068
-0.03723502
0.09340838
-0.015895491
-0.0072470326
-0.03215562
0.060873665
-0.024647199
-0.040674042
0.014329912
-0.017181013
-0.00559117
0.0014607039
-0.01591469
0.005337291
-0.01178711
-0.020329509
0.05535343
-0.018196067
0.053948574
-0.009643662
-0.03733932
-0.012583326
-0.03275175
0.01608636
-0.077240705
0.06271886
-0.0066700033
-0.011906324
-0.00046056247
0.020513559
-0.021976743
0.005250035
-0.07601619
0.07065592
0.011056036
-0.022195669
-0.019955834
0.042873565
-0.034483317
-0.024412982
0.07340236
0.011313345
-0.023936758
-0.03868558
0.09398934
-0.020213086
-0.024169073
-0.0073657134
0.16662952
-0.057113945
-0.067375675
-0.017022239
0.08148323
0.008739
0.0018987312
0.1208311
-0.060870692
-0.07522238
-0.033693373
0.038752016
0.018825911
-0.07384911
-0.030805783
-0.040168665
-0.01899284
-0.041548703
-0.0024594537
0.10414266
0.10454105
-0.0016284144
-0.073268026
-0.028735213
-0.044105124
-0.014135319
0.076487854
0.091250665
-0.046113353
0.055502344
-0.054250043
0.026346238
-0.017986728
0.079839654
-0.063576
0.006146862
0.08096431
-0.045378868
0.027355274
0.006113742
0.0153571
-0.016388299
-0.021729508
0.0032040724
-0.029377542
-0.051359072
0.113379285
-0.024355322
0.008841021
-0.05441767
-0.025358435
0.0023408046
-0.024005702
0.118115276
0.00025227983
0.013053227
-0.03417266
-0.014693836
0.025234338
-0.0060147955
-0.021827577
-0.0233822
-0.050126124
0.065437496
0.042391356
-0.014914105
0.08645483
-0.022919642
-0.044316236
0.014423281
-0.0031600886
-0.047193713
0.009106484
0.044349313
0.008625514
-0.013216524
-0.016981557
0.0005742791
-0.0326442
-0.027247192
-0.013737484
0.025916658
0.023393445
0.037127044
0.055294335
0.025001513
0.038904734
-0.02765092
0.035620667
-0.010072964
-0.042131484
0.04745255
-0.016192593
-0.0012232995
-0.08493136
-0.0060613067
0.00045309175
-0.035268452
0.01589873
0.056061983
0.1067464
-0.050441574
-0.019832823
-0.032453943
-0.060233124
-0.010298897
0.033847254
0.06261838
-0.09193494
0.07248285
-0.052700587
-0.027120281
0.010695936
0.022431698
0.107260995
-0.062438767
0.07809035
-0.05798116
0.051689915
-0.060189433
-0.033764802
0.008194816
-0.052023683
0.0570879
-0.025166279
0.049592644
-0.03279886
-0.00819509
-0.01810728
-0.03873039
0.061777577
-0.02227025
0.065401115
-0.047036406
0.0053188135
-0.05820411
-0.010335991
0.02820591
-0.009464346
0.10748522
-0.01669443
0.002565042
-0.05794757
-0.047625277
-0.02798138
0.060245745
0.102976464
-0.047426317
0.08509892
-0.06183637
0.012413489
-0.024136955
-0.023186045
0.016186802
0.036334112
-0.013111069
-0.008434804
-0.009915217
0.0057201297
-0.0395301
0.019406954
0.023412358
0.007623892
-0.048162255
0.016704632
-0.027744496
-0.033487376
0.034930423
0.05306562
-0.10119617
0.088027515
0.0084277345
-0.020553395
-0.0013670976
0.014018417
0.08296239
-0.08650586
0.047113765
0.012139555
-0.075906806
0.004222289
0.09540304
0.026925063
-0.054636665
-0.038400423
0.037087504
-0.07634614
-0.011226982
0.057202164
0.030966131
-0.0026501694
-0.032751635
0.027967911
-0.025751827
-0.11476321
0.07624736
0.12205494
-0.053090546
-0.0138673
0.03544462
-0.03122467
-0.08886512
0.05754788
0.09699225
-0.04372126
-0.014076636
0.0017298659
-0.007234861
0.07485414
0.030110436
-0.030110776
0.044998884
0.041248005
0.0076220487
-0.03482116
-0.0055679902
-0.0061750044
-0.01110413
-0.011679858
-0.0035616236
-0.003128535
-0.007924257
-0.016626978
-0.0045123803
0.14098392
-0.096743144
0.038901094
-0.020984238
0.016324239
0.045633227
-0.049680345
0.048181955
-0.052942112
0.058829058
-0.049511172
0.022607725
0.02336862
-0.078021534
0.07561371
0.06782607
0.006680515
-0.053457223
-0.04818618
-0.009964513
0.0583162
-0.06615776
0.1013013
-0.006487227
-0.032155674
-0.06139837
-0.010482348
0.061289337
-0.05330787
0.07835096
0.011089185
0.006707457
-0.02710478
-0.0292458
-0.015297126
-0.014024338
-0.021546932
-0.020875702
-0.002702457
-0.00081879925
0.021620894
-0.009081592
0.019261098
-0.010691997
0.029262388
-0.012025138
-0.028929126
-0.07205851
0.040098887
-0.029103996
-0.026825842
0.09344
0.064927995
-0.014335083
-0.025286118
0.029683618
-0.0033213615
-0.06483101
0.069261126
-0.012599506
0.10538733
0.06836135
-0.044602275
-0.046679817
-0.09659176
0.10556449
-0.046116248
0.07186457
0.06630444
-0.0676305
-0.054788936
-0.04447702
0.09526076
-0.035308417
-0.019993821
0.009810376
-0.03277125
0.050622825
0.025123699
-0.035306633
-0.06953223
0.09934492
0.038224734
-0.049724527
0.039277162
0.019845666
-0.017527116
-0.068999216
0.057261456
-0.025753189
-0.04815376
-0.010300824
0.065951556
0.0167399
-0.028435247
0.09249757
-0.04076371
-0.01027197
0.0041177007
-0.0015946343
-0.005355205
-0.033642795
0.03321475
0.008479526
0.04876308
0.03141399
0.044859994
0.0137364855
0.0029082345
0.046405654
-0.042340152
-0.07591161
0.0147150075
0.0022800146
-0.016711703
-0.00019725677
0.038898557
-0.060655996
-0.06309589
0.11002664
-0.05433379
-0.013106309
-0.011780115
0.00866341
0.07245308
-0.040177718
-0.016782528
-0.03876871
-0.0020846603
-0.028984105
0.011938077
0.08106006
-0.023448668
-0.026440192
0.014883627
-0.019566113
-0.009368065
-0.0015655641
0.10040946
-0.045382228
-0.007900108
-0.058016162
-0.009944987
0.008171824
-0.045463543
0.11205942
-0.0279224
-0.021890929
-0.01811838
0.075376906
-0.09606
-0.09920933
-0.04687305
-0.058181472
-0.1134931
-0.12941708
-0.1335865
0.10567417
0.03748149
0.081680715
0.08049349
0.07816534
0.09692383
0.12748367
0.06684496
-0.005335766
0.04038709
-0.04543689
0.025577722
-0.034659386
0.06394993
-0.060071483
-0.036845237
0.031877346
0.02933225
-0.006587468
-0.01053097
0.03447883
-0.037381213
0.08788056
0.004293479
0.04497016
-0.04676832
0.028347246
0.00918007
-0.06145591
-0.019729406
-0.020748923
-0.011617976
-0.0015335903
0.0099200895
-0.027348142
0.010150053
-0.008337654
-0.038222987
0.009929601
-0.020917432
-0.081235185
0.023849748
-0.043342777
0.09181763
0.09490188
-0.058289535
-0.018876702
-0.07519036
0.028297978
-0.036171522
0.01349046
0.10631012
0.049295288
-0.06625149
0.0435335
-0.004187872
0.039145444
-0.035003714
0.00076205283
-0.002702986
-0.020352019
-0.009263503
-0.0039804913
0.025360676
-0.008981288
-0.008510501
-0.004525762
-0.05175534
-0.033459462
0.10573701
0.0029047974
-0.0033637143
-0.036405675
-0.027991539
0.07640234
-0.038797308
0.12763137
-0.010844327
-0.03670478
-0.05918948
-0.038787525
0.06319801
0.01613509
-0.012319266
0.0024137588
-0.041355494
-0.06402801
0.04806585
-0.031173687
0.027787484
-0.024269711
-0.049926344
-0.03529769
-0.0123011125
0.041000653
0.16679598
-0.029660443
-0.045400355
-0.041690685
-0.016238779
-0.0397401
-0.047295056
0.13254848
-0.04222104
-0.0119700115
-0.029933361
-0.043139316
-0.027740063
-0.042939097
0.10902137
0.1366414
-0.018878357
-0.035885725
-0.083628066
0.08533199
0.008043047
-0.015660783
-0.046672847
0.018848443
0.1130672
-0.07518993
0.060896203
0.029678581
-0.034833074
-0.05733481
-0.017123755
0.07794082
0.107697025
-0.054593362
0.09079161
0.026556453
0.09073687
-0.05732862
-0.074920006
-0.04658277
-0.048744757
0.10970007
0.02711787
0.042911112
-0.015976701
-0.054518383
-0.045308057
0.017371314
-0.036259003
-0.0068661426
0.05053813
0.04404427
0.058600463
0.010834855
-0.07373607
0.06317348
-0.01957127
0.0062072407
-0.0073320256
0.03577559
-0.025462355
-0.028710792
0.056158274
-0.0061291405
0.024861917
0.05940484
-0.04232133
0.029371208
-0.039999288
-0.061431512
-0.02394715
0.004213298
0.059265275
-0.042848527
0.036525153
-0.03579485
-0.032707416
0.028436864
0.047440108
-0.062937394
-0.026736472
-0.011003346
0.047692865
-0.0706086
0.055887785
0.029278431
-0.022534648
-0.07208923
-0.0015244319
0.09668553
-0.058119357
0.06337711
0.088465095
-0.044232756
-0.07114456
-0.08303812
-0.06790875
-0.06541589
-0.047160484
-0.020705007
0.07967795
0.091635175
0.1031667
0.05767429
0.042979084
0.0741689
0.04051417
0.07029114
0.077093646
0.00818867
0.028426666
0.01361538
0.0952348
0.048091788
0.10119582
-0.078421704
-0.05543666
-0.027719598
-0.022131173
-0.042994283
-0.05903398
-0.08266864
-0.017104913
-0.015574455
-0.019233657
0.006426439
-0.01480868
-0.009284711
-0.012781181
0.033587705
0.00754814
0.0004224244
-0.049443804
-0.019721381
-0.019450648
0.0066642747
0.08126683
0.04402515
-0.028544355
-0.023315515
-0.049321614
-0.035021365
-0.0016101518
0.011855951
-0.041664273
-0.012176444
0.0023982793
0.03836538
0.039543267
0.050907783
-0.041788947
0.103161804
0.036850717
0.15268476
-0.030248221
0.0017093435
-0.011259442
-0.025847634
-0.0031639396
-0.05555905
0.13881832
-0.03963928
-0.044580016
-0.015842555
-0.058893114
0.017872535
-0.05717362
0.06388
0.08120884
0.06451162
0.0936724
0.06956425
0.057241432
0.04815331
0.07900364
-0.1027518
-0.093620025
-0.08572361
-0.09973784
-0.0799926
-0.09845803
-0.033740163
-0.0075722914
0.030432547
-0.05626792
-0.04757245
0.13438112
0.01480596
-0.09266134
0.010122972
-0.012378103
-0.060626443
-0.014504452
0.13807923
0.011490054
-0.017868195
-0.039286185
0.06825437
0.039329123
-0.041958142
-0.010142726
0.06567389
0.034243014
-0.027067976
0.001045203
-0.0482704
-0.018624054
-0.02555109
0.085450776
0.011808454
-0.012226675
-0.029741406
-0.014763319
0.06681618
-0.052403368
0.075293
-0.0652396
0.02581511
-0.017083546
0.008376883
-0.03128979
-0.08742311
0.078235835
-0.016240438
0.043769874
-0.05161866
-0.015134286
0.05448652
0.07389402
-0.007445051
-0.0149220005
0.002056745
-0.059225686
-0.08505589
0.04695666
0.08089178
-0.02790918
-0.030922994
-0.0051706303
-0.011729243
-0.06397855
0.009482028
-0.07097951
0.0051278016
-0.06983158
-0.020868469
0.015178446
0.11317059
-0.047627978
0.023106696
0.022331674
-0.07189739
-0.00021690503
0.050350867
0.0887903
-0.074586794
0.013427878
0.01555183
-0.018507982
0.10679426
-0.041719645
0.06043727
-0.06758557
-0.014416641
-0.04441259
-0.04880814
0.10260068
-0.035575684
0.09788975
-0.04800992
-0.04567379
-0.01403039
0.017415527
-0.04924311
0.017920831
-0.012419189
0.12626506
-0.011538769
-0.011700375
-0.016470827
0.033765916
-0.02233869
-0.016469311
0.09729074
-0.03746415
-0.028638767
-0.035474416
-0.028551057
-0.024535352
0.0018275413
-0.030064113
-0.046102233
-0.050336864
-0.0030796146
-0.0059729936
0.09639666
0.053341802
0.065645576
0.071688645
0.030105045
-0.00941695
-0.019037576
-0.062977396
0.050228477
-0.049925677
-0.0088376915
-0.00027334335
-0.015391655
0.15059173
-0.018223207
0.018033653
-0.056028664
-0.027454317
-0.0052581243
-0.003512498
0.06753161
-0.043396603
-0.014508844
-0.061976124
-0.0023192877
0.064963184
-0.016421733
0.054447588
0.004158943
-0.024332065
-0.06381177
-0.005154713
0.092885025
-0.06563254
0.048029467
0.07470435
-0.04097156
-0.021973357
0.037118413
0.02643817
-0.05019325
0.086359784
-0.05122137
-0.023729082
0.004235937
0.00918111
-0.019908283
-0.024502475
0.0054312185
-0.04728493
-0.024700629
0.06764156
